1.000, 1.000, 1.000
0.875, 0.778, 0.824
0.750, 0.857, 0.800
1.000, 1.000, 1.000
1.000, 0.500, 0.667
1.000, 0.500, 0.667
1.000, 1.000, 1.000
1.000, 1.000, 1.000
1.000, 0.500, 0.667
0.800, 0.500, 0.615
1.000, 0.923, 0.960
0.500, 0.333, 0.400
1.000, 1.000, 1.000
1.000, 1.000, 1.000
0.500, 0.250, 0.333
1.000, 1.000, 1.000
0.800, 1.000, 0.889
0.800, 0.800, 0.800
1.000, 1.000, 1.000
0.500, 1.000, 0.667
1.000, 1.000, 1.000
1.000, 1.000, 1.000
1.000, 1.000, 1.000
1.000, 1.000, 1.000
0.818, 0.750, 0.783
0.875, 0.875, 0.875
1.000, 1.000, 1.000
1.000, 1.000, 1.000
1.000, 1.000, 1.000
1.000, 0.800, 0.889
1.000, 1.000, 1.000
1.000, 1.000, 1.000
1.000, 1.000, 1.000
1.000, 0.750, 0.857
0.667, 0.500, 0.571
1.000, 1.000, 1.000
1.000, 0.444, 0.615
1.000, 1.000, 1.000
1.000, 1.000, 1.000
0.000, 0.000, 0.000
1.000, 1.000, 1.000
0.800, 0.800, 0.800
1.000, 0.500, 0.667
0.750, 0.600, 0.667
0.750, 0.500, 0.600
1.000, 1.000, 1.000
0.556, 0.625, 0.588
0.000, 0.000, 0.000
0.571, 0.400, 0.471
0.000, 0.000, 0.000
0.667, 1.000, 0.800
0.500, 1.000, 0.667
1.000, 1.000, 1.000
0.750, 1.000, 0.857
1.000, 1.000, 1.000
1.000, 1.000, 1.000
0.889, 0.800, 0.842
0.400, 0.667, 0.500
0.000, 0.000, 0.000
1.000, 1.000, 1.000
1.000, 1.000, 1.000
1.000, 1.000, 1.000
1.000, 0.800, 0.889
1.000, 1.000, 1.000
1.000, 1.000, 1.000
1.000, 0.857, 0.923
1.000, 1.000, 1.000
1.000, 1.000, 1.000
0.833, 0.714, 0.769
0.750, 0.500, 0.600
1.000, 1.000, 1.000
1.000, 1.000, 1.000
1.000, 1.000, 1.000
0.500, 0.500, 0.500
1.000, 1.000, 1.000
0.750, 0.600, 0.667
1.000, 1.000, 1.000
0.667, 0.667, 0.667
1.000, 1.000, 1.000
1.000, 1.000, 1.000
1.000, 1.000, 1.000
0.500, 0.400, 0.444
0.667, 0.500, 0.571
1.000, 0.875, 0.933
1.000, 0.833, 0.909
0.750, 0.429, 0.545
1.000, 1.000, 1.000
0.800, 0.800, 0.800
1.000, 1.000, 1.000
1.000, 1.000, 1.000
1.000, 1.000, 1.000
1.000, 1.000, 1.000
1.000, 1.000, 1.000
1.000, 1.000, 1.000
1.000, 1.000, 1.000
1.000, 1.000, 1.000
0.500, 0.500, 0.500
1.000, 0.500, 0.667
0.000, 0.000, 0.000
1.000, 1.000, 1.000
1.000, 1.000, 1.000
1.000, 1.000, 1.000
0.333, 0.500, 0.400
1.000, 1.000, 1.000
0.800, 0.667, 0.727
0.750, 0.750, 0.750
0.667, 0.571, 0.615
0.500, 1.000, 0.667
1.000, 1.000, 1.000
1.000, 1.000, 1.000
1.000, 1.000, 1.000
0.250, 0.333, 0.286
1.000, 1.000, 1.000
1.000, 0.750, 0.857
1.000, 1.000, 1.000
1.000, 1.000, 1.000
0.000, 0.000, 0.000
1.000, 1.000, 1.000
0.500, 0.200, 0.286
1.000, 1.000, 1.000
1.000, 0.500, 0.667
1.000, 1.000, 1.000
1.000, 1.000, 1.000
1.000, 1.000, 1.000
0.750, 0.750, 0.750
0.667, 1.000, 0.800
1.000, 1.000, 1.000
1.000, 1.000, 1.000
1.000, 0.800, 0.889
0.800, 0.667, 0.727
1.000, 0.500, 0.667
0.909, 1.000, 0.952
0.333, 0.100, 0.154
1.000, 1.000, 1.000
1.000, 0.500, 0.667
0.750, 0.529, 0.621
0.857, 0.600, 0.706
0.800, 0.667, 0.727
1.000, 1.000, 1.000
1.000, 1.000, 1.000
0.000, 0.000, 0.000
0.500, 1.000, 0.667
1.000, 1.000, 1.000
1.000, 0.125, 0.222
1.000, 1.000, 1.000
1.000, 0.500, 0.667
0.500, 1.000, 0.667
1.000, 1.000, 1.000
0.500, 0.500, 0.500
1.000, 1.000, 1.000
1.000, 0.714, 0.833
1.000, 1.000, 1.000
0.333, 0.500, 0.400
1.000, 1.000, 1.000
1.000, 1.000, 1.000
1.000, 0.200, 0.333
1.000, 1.000, 1.000
1.000, 0.500, 0.667
1.000, 0.500, 0.667
1.000, 0.667, 0.800
1.000, 1.000, 1.000
1.000, 1.000, 1.000
1.000, 1.000, 1.000
1.000, 1.000, 1.000
0.667, 0.500, 0.571
1.000, 1.000, 1.000
0.500, 1.000, 0.667
1.000, 1.000, 1.000
1.000, 1.000, 1.000
1.000, 1.000, 1.000
1.000, 0.800, 0.889
1.000, 1.000, 1.000
0.857, 0.750, 0.800
1.000, 1.000, 1.000
1.000, 1.000, 1.000
1.000, 1.000, 1.000
1.000, 1.000, 1.000
1.000, 0.500, 0.667
1.000, 1.000, 1.000
0.667, 1.000, 0.800
1.000, 0.400, 0.571
1.000, 1.000, 1.000
1.000, 1.000, 1.000
0.750, 0.750, 0.750
0.000, 0.000, 0.000
1.000, 1.000, 1.000
0.800, 0.800, 0.800
0.900, 0.818, 0.857
1.000, 0.400, 0.571
1.000, 0.750, 0.857
0.833, 0.625, 0.714
1.000, 0.875, 0.933
0.333, 0.167, 0.222
1.000, 1.000, 1.000
0.500, 0.500, 0.500
0.909, 0.769, 0.833
1.000, 0.500, 0.667
1.000, 1.000, 1.000
0.000, 0.000, 0.000
1.000, 1.000, 1.000
1.000, 0.500, 0.667
1.000, 1.000, 1.000
1.000, 1.000, 1.000
0.500, 0.500, 0.500
1.000, 1.000, 1.000
1.000, 0.500, 0.667
0.667, 0.500, 0.571
1.000, 1.000, 1.000
1.000, 1.000, 1.000
1.000, 0.833, 0.909
0.667, 0.500, 0.571
1.000, 0.667, 0.800
1.000, 0.875, 0.933
0.000, 0.000, 0.000
1.000, 0.667, 0.800
1.000, 1.000, 1.000
1.000, 0.833, 0.909
1.000, 1.000, 1.000
1.000, 1.000, 1.000
0.750, 0.273, 0.400
1.000, 0.500, 0.667
1.000, 1.000, 1.000
0.667, 0.667, 0.667
1.000, 1.000, 1.000
1.000, 1.000, 1.000
1.000, 0.500, 0.667
0.938, 1.000, 0.968
1.000, 1.000, 1.000
1.000, 1.000, 1.000
0.750, 0.750, 0.750
1.000, 1.000, 1.000
0.800, 0.667, 0.727
0.333, 0.400, 0.364
1.000, 0.500, 0.667
1.000, 1.000, 1.000
1.000, 1.000, 1.000
1.000, 1.000, 1.000
1.000, 1.000, 1.000
1.000, 1.000, 1.000
1.000, 1.000, 1.000
0.833, 1.000, 0.909
1.000, 0.500, 0.667
1.000, 0.500, 0.667
0.500, 0.800, 0.615
1.000, 1.000, 1.000
1.000, 0.500, 0.667
1.000, 1.000, 1.000
1.000, 0.857, 0.923
1.000, 0.667, 0.800
1.000, 1.000, 1.000
1.000, 0.857, 0.923
1.000, 0.667, 0.800
1.000, 1.000, 1.000
1.000, 1.000, 1.000
1.000, 1.000, 1.000
1.000, 0.750, 0.857
0.667, 0.667, 0.667
1.000, 1.000, 1.000
0.500, 1.000, 0.667
1.000, 1.000, 1.000
1.000, 0.667, 0.800
1.000, 1.000, 1.000
1.000, 1.000, 1.000
0.500, 0.333, 0.400
0.750, 1.000, 0.857
0.714, 0.625, 0.667
1.000, 1.000, 1.000
0.500, 0.333, 0.400
1.000, 0.250, 0.400
1.000, 0.600, 0.750
1.000, 1.000, 1.000
1.000, 1.000, 1.000
0.800, 0.800, 0.800
1.000, 1.000, 1.000
0.000, 0.000, 0.000
1.000, 1.000, 1.000
1.000, 1.000, 1.000
1.000, 1.000, 1.000
0.667, 0.667, 0.667
1.000, 1.000, 1.000
1.000, 1.000, 1.000
1.000, 1.000, 1.000
1.000, 1.000, 1.000
1.000, 1.000, 1.000
0.750, 0.750, 0.750
1.000, 1.000, 1.000
1.000, 1.000, 1.000
1.000, 1.000, 1.000
1.000, 1.000, 1.000
1.000, 1.000, 1.000
1.000, 1.000, 1.000
1.000, 1.000, 1.000
1.000, 1.000, 1.000
1.000, 1.000, 1.000
1.000, 0.667, 0.800
1.000, 1.000, 1.000
1.000, 1.000, 1.000
0.500, 1.000, 0.667
1.000, 0.750, 0.857
1.000, 1.000, 1.000
1.000, 0.750, 0.857
1.000, 0.750, 0.857
1.000, 1.000, 1.000
0.917, 1.000, 0.957
0.833, 1.000, 0.909
1.000, 1.000, 1.000
1.000, 0.917, 0.957
0.000, 0.000, 0.000
0.800, 0.667, 0.727
1.000, 0.667, 0.800
1.000, 1.000, 1.000
1.000, 0.600, 0.750
0.500, 0.500, 0.500
1.000, 1.000, 1.000
1.000, 1.000, 1.000
0.750, 0.750, 0.750
1.000, 0.667, 0.800
0.857, 0.857, 0.857
1.000, 1.000, 1.000
1.000, 1.000, 1.000
1.000, 1.000, 1.000
1.000, 1.000, 1.000
1.000, 0.600, 0.750
0.000, 0.000, 0.000
1.000, 0.500, 0.667
1.000, 1.000, 1.000
0.500, 1.000, 0.667
1.000, 0.500, 0.667
0.800, 0.800, 0.800
1.000, 0.833, 0.909
0.667, 0.667, 0.667
1.000, 1.000, 1.000
1.000, 0.667, 0.800
1.000, 1.000, 1.000
1.000, 1.000, 1.000
1.000, 1.000, 1.000
1.000, 0.667, 0.800
0.833, 0.714, 0.769
0.667, 0.500, 0.571
0.833, 0.625, 0.714
1.000, 1.000, 1.000
0.000, 0.000, 0.000
1.000, 1.000, 1.000
1.000, 1.000, 1.000
0.000, 0.000, 0.000
1.000, 0.500, 0.667
1.000, 1.000, 1.000
1.000, 0.500, 0.667
0.833, 1.000, 0.909
1.000, 1.000, 1.000
0.500, 0.200, 0.286
1.000, 1.000, 1.000
1.000, 1.000, 1.000
0.750, 0.750, 0.750
0.500, 1.000, 0.667
0.000, 0.000, 0.000
0.857, 0.857, 0.857
1.000, 1.000, 1.000
1.000, 1.000, 1.000
1.000, 1.000, 1.000
1.000, 1.000, 1.000
0.000, 0.000, 0.000
0.500, 0.667, 0.571
0.000, 0.000, 0.000
1.000, 1.000, 1.000
0.846, 0.846, 0.846
1.000, 1.000, 1.000
1.000, 1.000, 1.000
1.000, 0.800, 0.889
1.000, 1.000, 1.000
0.800, 0.800, 0.800
1.000, 1.000, 1.000
1.000, 1.000, 1.000
1.000, 1.000, 1.000
1.000, 1.000, 1.000
0.500, 0.667, 0.571
1.000, 1.000, 1.000
1.000, 0.750, 0.857
0.000, 0.000, 0.000
0.900, 1.000, 0.947
1.000, 0.900, 0.947
1.000, 0.667, 0.800
0.500, 0.600, 0.545
1.000, 1.000, 1.000
0.800, 1.000, 0.889
1.000, 0.833, 0.909
1.000, 0.500, 0.667
1.000, 1.000, 1.000
1.000, 1.000, 1.000
0.900, 0.900, 0.900
1.000, 1.000, 1.000
1.000, 1.000, 1.000
1.000, 1.000, 1.000
0.889, 1.000, 0.941
1.000, 0.750, 0.857
0.800, 0.571, 0.667
0.857, 0.750, 0.800
1.000, 0.909, 0.952
0.800, 0.667, 0.727
1.000, 0.833, 0.909
0.800, 0.667, 0.727
0.667, 1.000, 0.800
0.667, 0.571, 0.615
0.750, 0.600, 0.667
0.667, 1.000, 0.800
0.750, 1.000, 0.857
1.000, 1.000, 1.000
0.889, 0.889, 0.889
0.500, 0.500, 0.500
1.000, 0.833, 0.909
1.000, 1.000, 1.000
0.875, 1.000, 0.933
1.000, 1.000, 1.000
0.500, 0.200, 0.286
0.750, 1.000, 0.857
0.857, 0.667, 0.750
0.833, 1.000, 0.909
0.500, 1.000, 0.667
0.800, 0.800, 0.800
1.000, 0.750, 0.857
0.833, 0.714, 0.769
0.882, 0.789, 0.833
1.000, 1.000, 1.000
0.500, 0.500, 0.500
0.600, 0.600, 0.600
0.857, 0.750, 0.800
0.714, 0.500, 0.588
0.667, 1.000, 0.800
0.857, 0.750, 0.800
1.000, 1.000, 1.000
0.750, 0.750, 0.750
1.000, 1.000, 1.000
1.000, 0.900, 0.947
0.500, 0.500, 0.500
1.000, 1.000, 1.000
1.000, 1.000, 1.000
1.000, 0.714, 0.833
0.667, 0.250, 0.364
1.000, 1.000, 1.000
1.000, 1.000, 1.000
0.778, 0.875, 0.824
1.000, 0.333, 0.500
1.000, 1.000, 1.000
0.900, 0.900, 0.900
1.000, 1.000, 1.000
1.000, 1.000, 1.000
1.000, 1.000, 1.000
1.000, 1.000, 1.000
1.000, 1.000, 1.000
1.000, 1.000, 1.000
1.000, 1.000, 1.000
1.000, 1.000, 1.000
1.000, 1.000, 1.000
1.000, 1.000, 1.000
1.000, 1.000, 1.000
0.500, 0.500, 0.500
1.000, 0.250, 0.400
1.000, 1.000, 1.000
1.000, 1.000, 1.000
1.000, 1.000, 1.000
0.667, 0.500, 0.571
0.667, 0.667, 0.667
0.667, 1.000, 0.800
1.000, 0.750, 0.857
1.000, 1.000, 1.000
1.000, 1.000, 1.000
0.800, 0.889, 0.842
1.000, 1.000, 1.000
1.000, 0.750, 0.857
1.000, 1.000, 1.000
1.000, 1.000, 1.000
0.667, 0.800, 0.727
1.000, 1.000, 1.000
0.750, 1.000, 0.857
0.750, 0.600, 0.667
1.000, 1.000, 1.000
1.000, 0.800, 0.889
0.800, 0.800, 0.800
1.000, 1.000, 1.000
0.500, 1.000, 0.667
0.667, 0.500, 0.571
1.000, 1.000, 1.000
1.000, 0.727, 0.842
0.500, 1.000, 0.667
1.000, 1.000, 1.000
1.000, 0.667, 0.800
0.000, 0.000, 0.000
1.000, 0.750, 0.857
1.000, 1.000, 1.000
1.000, 1.000, 1.000
1.000, 1.000, 1.000
0.667, 0.667, 0.667
1.000, 0.667, 0.800
1.000, 1.000, 1.000
1.000, 1.000, 1.000
0.800, 0.727, 0.762
1.000, 0.750, 0.857
1.000, 1.000, 1.000
1.000, 1.000, 1.000
1.000, 0.333, 0.500
