1.000, 1.000, 1.000
1.000, 1.000, 1.000
0.750, 0.857, 0.800
1.000, 1.000, 1.000
1.000, 0.500, 0.667
0.667, 0.667, 0.667
1.000, 0.750, 0.857
1.000, 1.000, 1.000
1.000, 0.625, 0.769
1.000, 0.625, 0.769
0.917, 0.846, 0.880
0.667, 0.667, 0.667
1.000, 1.000, 1.000
1.000, 1.000, 1.000
0.000, 0.000, 0.000
1.000, 1.000, 1.000
0.800, 1.000, 0.889
1.000, 0.800, 0.889
0.750, 1.000, 0.857
0.500, 1.000, 0.667
1.000, 1.000, 1.000
0.667, 0.500, 0.571
1.000, 1.000, 1.000
1.000, 1.000, 1.000
0.692, 0.750, 0.720
0.857, 0.750, 0.800
1.000, 1.000, 1.000
1.000, 1.000, 1.000
0.895, 0.850, 0.872
1.000, 0.900, 0.947
1.000, 0.667, 0.800
1.000, 1.000, 1.000
1.000, 0.500, 0.667
0.750, 0.750, 0.750
0.667, 0.500, 0.571
1.000, 1.000, 1.000
1.000, 0.444, 0.615
0.333, 0.500, 0.400
1.000, 1.000, 1.000
1.000, 0.500, 0.667
1.000, 1.000, 1.000
1.000, 1.000, 1.000
1.000, 0.500, 0.667
1.000, 1.000, 1.000
1.000, 0.500, 0.667
0.500, 0.333, 0.400
0.375, 0.375, 0.375
0.000, 0.000, 0.000
0.167, 0.100, 0.125
1.000, 0.333, 0.500
0.500, 0.500, 0.500
0.333, 1.000, 0.500
1.000, 1.000, 1.000
0.750, 1.000, 0.857
1.000, 0.667, 0.800
1.000, 1.000, 1.000
1.000, 0.900, 0.947
0.500, 0.333, 0.400
1.000, 1.000, 1.000
1.000, 1.000, 1.000
1.000, 1.000, 1.000
1.000, 1.000, 1.000
0.667, 0.400, 0.500
1.000, 0.750, 0.857
0.778, 1.000, 0.875
0.857, 0.857, 0.857
1.000, 1.000, 1.000
1.000, 1.000, 1.000
0.833, 0.714, 0.769
0.800, 0.667, 0.727
1.000, 0.800, 0.889
1.000, 1.000, 1.000
1.000, 1.000, 1.000
1.000, 0.750, 0.857
1.000, 0.800, 0.889
0.750, 0.600, 0.667
1.000, 1.000, 1.000
0.750, 1.000, 0.857
0.667, 0.500, 0.571
1.000, 1.000, 1.000
0.800, 0.667, 0.727
0.833, 1.000, 0.909
0.500, 0.750, 0.600
1.000, 0.875, 0.933
1.000, 0.667, 0.800
1.000, 0.714, 0.833
1.000, 0.500, 0.667
0.500, 0.400, 0.444
1.000, 1.000, 1.000
1.000, 1.000, 1.000
1.000, 0.750, 0.857
1.000, 1.000, 1.000
1.000, 1.000, 1.000
1.000, 1.000, 1.000
1.000, 1.000, 1.000
1.000, 1.000, 1.000
0.500, 0.500, 0.500
1.000, 0.500, 0.667
0.667, 0.400, 0.500
1.000, 1.000, 1.000
1.000, 1.000, 1.000
1.000, 1.000, 1.000
1.000, 0.500, 0.667
0.875, 1.000, 0.933
1.000, 1.000, 1.000
0.750, 0.750, 0.750
1.000, 1.000, 1.000
0.500, 1.000, 0.667
0.714, 0.833, 0.769
1.000, 1.000, 1.000
1.000, 1.000, 1.000
1.000, 0.667, 0.800
1.000, 1.000, 1.000
1.000, 0.750, 0.857
1.000, 1.000, 1.000
1.000, 1.000, 1.000
1.000, 1.000, 1.000
0.500, 1.000, 0.667
0.500, 0.200, 0.286
1.000, 1.000, 1.000
0.667, 1.000, 0.800
1.000, 1.000, 1.000
1.000, 1.000, 1.000
1.000, 1.000, 1.000
0.750, 0.750, 0.750
0.500, 0.500, 0.500
0.333, 1.000, 0.500
1.000, 1.000, 1.000
1.000, 0.800, 0.889
0.857, 1.000, 0.923
1.000, 0.750, 0.857
0.625, 0.500, 0.556
0.000, 0.000, 0.000
1.000, 1.000, 1.000
1.000, 0.500, 0.667
0.375, 0.176, 0.240
1.000, 0.700, 0.824
0.600, 0.500, 0.545
1.000, 1.000, 1.000
1.000, 1.000, 1.000
0.000, 0.000, 0.000
1.000, 1.000, 1.000
1.000, 1.000, 1.000
0.667, 0.250, 0.364
1.000, 1.000, 1.000
1.000, 0.500, 0.667
1.000, 1.000, 1.000
0.857, 0.667, 0.750
1.000, 0.500, 0.667
1.000, 1.000, 1.000
0.800, 0.571, 0.667
1.000, 1.000, 1.000
0.333, 0.500, 0.400
0.500, 1.000, 0.667
1.000, 1.000, 1.000
0.500, 0.200, 0.286
1.000, 1.000, 1.000
1.000, 1.000, 1.000
1.000, 0.500, 0.667
0.500, 0.333, 0.400
1.000, 1.000, 1.000
1.000, 1.000, 1.000
1.000, 1.000, 1.000
1.000, 1.000, 1.000
1.000, 1.000, 1.000
1.000, 1.000, 1.000
0.500, 1.000, 0.667
1.000, 0.800, 0.889
0.000, 0.000, 0.000
1.000, 1.000, 1.000
0.800, 0.800, 0.800
1.000, 1.000, 1.000
0.857, 0.750, 0.800
0.500, 0.500, 0.500
1.000, 1.000, 1.000
1.000, 1.000, 1.000
1.000, 1.000, 1.000
0.000, 0.000, 0.000
1.000, 1.000, 1.000
0.667, 1.000, 0.800
1.000, 0.800, 0.889
1.000, 1.000, 1.000
1.000, 1.000, 1.000
0.800, 1.000, 0.889
0.000, 0.000, 0.000
0.667, 0.667, 0.667
0.750, 0.600, 0.667
0.750, 0.545, 0.632
0.667, 0.400, 0.500
1.000, 0.750, 0.857
0.857, 0.750, 0.800
0.875, 0.875, 0.875
0.800, 0.667, 0.727
1.000, 1.000, 1.000
0.500, 0.500, 0.500
0.857, 0.462, 0.600
1.000, 0.500, 0.667
0.667, 0.667, 0.667
0.000, 0.000, 0.000
1.000, 1.000, 1.000
1.000, 0.750, 0.857
0.250, 0.333, 0.286
1.000, 1.000, 1.000
0.500, 0.500, 0.500
0.833, 1.000, 0.909
1.000, 0.500, 0.667
0.000, 0.000, 0.000
0.857, 0.857, 0.857
1.000, 1.000, 1.000
1.000, 1.000, 1.000
0.667, 0.500, 0.571
1.000, 0.667, 0.800
0.667, 0.500, 0.571
0.000, 0.000, 0.000
1.000, 0.667, 0.800
1.000, 1.000, 1.000
0.833, 0.833, 0.833
1.000, 0.833, 0.909
1.000, 1.000, 1.000
1.000, 0.455, 0.625
1.000, 0.500, 0.667
0.750, 1.000, 0.857
1.000, 1.000, 1.000
1.000, 1.000, 1.000
1.000, 1.000, 1.000
1.000, 0.500, 0.667
0.933, 0.933, 0.933
1.000, 1.000, 1.000
0.800, 0.571, 0.667
1.000, 0.500, 0.667
1.000, 1.000, 1.000
0.600, 0.500, 0.545
0.600, 0.600, 0.600
0.600, 0.750, 0.667
0.667, 0.667, 0.667
1.000, 1.000, 1.000
1.000, 1.000, 1.000
1.000, 1.000, 1.000
1.000, 1.000, 1.000
1.000, 1.000, 1.000
0.800, 0.800, 0.800
1.000, 0.500, 0.667
1.000, 0.500, 0.667
0.500, 0.800, 0.615
1.000, 1.000, 1.000
1.000, 0.500, 0.667
1.000, 0.750, 0.857
1.000, 0.857, 0.923
1.000, 1.000, 1.000
1.000, 1.000, 1.000
0.833, 0.714, 0.769
0.667, 0.667, 0.667
1.000, 1.000, 1.000
1.000, 0.750, 0.857
1.000, 1.000, 1.000
1.000, 0.750, 0.857
0.667, 0.667, 0.667
1.000, 1.000, 1.000
0.500, 1.000, 0.667
1.000, 1.000, 1.000
1.000, 0.667, 0.800
1.000, 1.000, 1.000
1.000, 1.000, 1.000
0.667, 0.667, 0.667
1.000, 0.667, 0.800
0.714, 0.625, 0.667
0.667, 0.400, 0.500
1.000, 1.000, 1.000
0.500, 0.250, 0.333
0.500, 0.400, 0.444
1.000, 1.000, 1.000
1.000, 1.000, 1.000
0.667, 0.800, 0.727
1.000, 1.000, 1.000
1.000, 1.000, 1.000
1.000, 1.000, 1.000
0.750, 1.000, 0.857
1.000, 1.000, 1.000
0.667, 0.667, 0.667
1.000, 0.800, 0.889
1.000, 1.000, 1.000
1.000, 1.000, 1.000
1.000, 1.000, 1.000
1.000, 1.000, 1.000
0.800, 1.000, 0.889
1.000, 1.000, 1.000
1.000, 1.000, 1.000
1.000, 1.000, 1.000
1.000, 1.000, 1.000
1.000, 1.000, 1.000
0.667, 0.571, 0.615
1.000, 1.000, 1.000
1.000, 1.000, 1.000
1.000, 1.000, 1.000
0.667, 0.667, 0.667
0.500, 0.333, 0.400
1.000, 1.000, 1.000
0.500, 1.000, 0.667
1.000, 0.875, 0.933
0.750, 1.000, 0.857
1.000, 1.000, 1.000
1.000, 0.750, 0.857
0.600, 0.333, 0.429
0.857, 0.545, 0.667
1.000, 1.000, 1.000
1.000, 1.000, 1.000
1.000, 0.917, 0.957
1.000, 0.500, 0.667
0.800, 0.667, 0.727
1.000, 0.333, 0.500
0.500, 0.500, 0.500
1.000, 0.600, 0.750
0.500, 0.500, 0.500
1.000, 0.800, 0.889
1.000, 1.000, 1.000
1.000, 0.750, 0.857
0.750, 0.500, 0.600
0.000, 0.000, 0.000
1.000, 1.000, 1.000
1.000, 1.000, 1.000
1.000, 1.000, 1.000
1.000, 1.000, 1.000
1.000, 0.600, 0.750
0.800, 1.000, 0.889
1.000, 0.500, 0.667
1.000, 1.000, 1.000
1.000, 1.000, 1.000
1.000, 0.500, 0.667
0.800, 0.800, 0.800
1.000, 1.000, 1.000
1.000, 0.667, 0.800
0.500, 0.250, 0.333
1.000, 0.667, 0.800
1.000, 1.000, 1.000
0.667, 0.500, 0.571
1.000, 1.000, 1.000
1.000, 0.667, 0.800
1.000, 1.000, 1.000
1.000, 1.000, 1.000
0.857, 0.750, 0.800
1.000, 1.000, 1.000
1.000, 1.000, 1.000
1.000, 0.500, 0.667
1.000, 1.000, 1.000
1.000, 1.000, 1.000
1.000, 0.500, 0.667
0.500, 0.333, 0.400
1.000, 0.500, 0.667
0.714, 1.000, 0.833
1.000, 1.000, 1.000
1.000, 0.800, 0.889
1.000, 1.000, 1.000
0.500, 0.333, 0.400
0.750, 0.750, 0.750
0.500, 1.000, 0.667
0.000, 0.000, 0.000
1.000, 0.714, 0.833
0.667, 1.000, 0.800
1.000, 0.750, 0.857
1.000, 1.000, 1.000
1.000, 1.000, 1.000
1.000, 1.000, 1.000
0.400, 0.667, 0.500
0.000, 0.000, 0.000
1.000, 0.500, 0.667
0.833, 0.769, 0.800
0.667, 0.667, 0.667
1.000, 1.000, 1.000
0.667, 0.400, 0.500
1.000, 1.000, 1.000
0.667, 0.800, 0.727
1.000, 1.000, 1.000
1.000, 1.000, 1.000
1.000, 1.000, 1.000
1.000, 1.000, 1.000
1.000, 0.333, 0.500
1.000, 1.000, 1.000
1.000, 0.500, 0.667
0.500, 1.000, 0.667
0.889, 0.889, 0.889
0.889, 0.800, 0.842
1.000, 0.667, 0.800
0.600, 0.600, 0.600
1.000, 1.000, 1.000
0.800, 1.000, 0.889
0.667, 0.333, 0.444
1.000, 1.000, 1.000
1.000, 1.000, 1.000
1.000, 1.000, 1.000
0.800, 0.400, 0.533
1.000, 1.000, 1.000
1.000, 1.000, 1.000
1.000, 1.000, 1.000
1.000, 0.875, 0.933
0.800, 0.500, 0.615
0.800, 0.571, 0.667
0.833, 0.625, 0.714
0.700, 0.636, 0.667
0.800, 0.667, 0.727
1.000, 1.000, 1.000
1.000, 0.667, 0.800
0.500, 1.000, 0.667
0.500, 0.429, 0.462
0.800, 0.800, 0.800
0.667, 1.000, 0.800
0.750, 1.000, 0.857
1.000, 0.667, 0.800
0.833, 0.556, 0.667
1.000, 0.500, 0.667
0.500, 0.167, 0.250
0.500, 1.000, 0.667
0.875, 1.000, 0.933
1.000, 1.000, 1.000
0.800, 0.800, 0.800
0.750, 1.000, 0.857
1.000, 0.778, 0.875
1.000, 1.000, 1.000
1.000, 1.000, 1.000
0.833, 1.000, 0.909
0.600, 0.750, 0.667
0.857, 0.857, 0.857
0.812, 0.684, 0.743
1.000, 1.000, 1.000
0.500, 0.500, 0.500
0.750, 0.600, 0.667
0.833, 0.625, 0.714
1.000, 0.800, 0.889
0.500, 0.500, 0.500
0.667, 0.500, 0.571
1.000, 1.000, 1.000
0.667, 0.500, 0.571
1.000, 1.000, 1.000
0.880, 0.733, 0.800
0.200, 0.500, 0.286
1.000, 0.800, 0.889
0.500, 1.000, 0.667
0.750, 0.429, 0.545
1.000, 0.500, 0.667
1.000, 1.000, 1.000
1.000, 1.000, 1.000
0.778, 0.875, 0.824
1.000, 0.667, 0.800
1.000, 1.000, 1.000
1.000, 1.000, 1.000
1.000, 1.000, 1.000
1.000, 1.000, 1.000
1.000, 1.000, 1.000
1.000, 1.000, 1.000
1.000, 1.000, 1.000
0.778, 1.000, 0.875
0.750, 0.600, 0.667
1.000, 1.000, 1.000
1.000, 1.000, 1.000
1.000, 1.000, 1.000
1.000, 1.000, 1.000
1.000, 0.500, 0.667
1.000, 0.500, 0.667
1.000, 1.000, 1.000
1.000, 1.000, 1.000
1.000, 1.000, 1.000
0.750, 0.750, 0.750
0.833, 0.833, 0.833
1.000, 1.000, 1.000
1.000, 1.000, 1.000
1.000, 1.000, 1.000
1.000, 1.000, 1.000
0.889, 0.889, 0.889
1.000, 1.000, 1.000
1.000, 1.000, 1.000
1.000, 1.000, 1.000
0.750, 1.000, 0.857
0.750, 0.600, 0.667
1.000, 1.000, 1.000
0.889, 0.889, 0.889
1.000, 1.000, 1.000
1.000, 1.000, 1.000
1.000, 1.000, 1.000
1.000, 1.000, 1.000
0.667, 1.000, 0.800
0.333, 1.000, 0.500
1.000, 0.500, 0.667
0.917, 1.000, 0.957
1.000, 0.818, 0.900
1.000, 1.000, 1.000
0.833, 0.714, 0.769
1.000, 0.667, 0.800
1.000, 1.000, 1.000
1.000, 0.750, 0.857
1.000, 1.000, 1.000
1.000, 1.000, 1.000
1.000, 1.000, 1.000
1.000, 0.833, 0.909
1.000, 0.667, 0.800
1.000, 0.500, 0.667
1.000, 1.000, 1.000
0.778, 0.636, 0.700
1.000, 0.750, 0.857
1.000, 1.000, 1.000
0.909, 1.000, 0.952
0.333, 0.333, 0.333
